0017
02
03
05
100
101
1014
1017
102
1020
103
104
105
106
107
108
109
110A
110B
1111
1113
1114
1115
1119
1120
1122
1124
1126
1127
1128
1129
1130
1131
1132
1133
1135
1136
1137
1138
1139
1140
1141
1142
1143
1144
1154
1155
1156
1162
1164
1165
120
121
1213
1218
1221
1222
1224
1226
1227
130
140
141
142
143
144
145
146
147
148
150
151
152
153
160
162
171
1711
172
173
201
2012
2013
2014
2015
2016
202
2112
2113
2114
2115
2211
2221
2222
2224
2227
2230
2233
2234
2235
2311
2312A
2312B
240
241
2412
2413
2415
242
260
261
262
270
271
272
273
301
3011
3012
302
303
320
3212
3214
3216
3217
3220
3313
3314
3315
3316
3317
3318
3319
3321
3322
333
340
341
3411
3412
3413
3414
3416
3417
342
3422
3425
3426
350
360
362
370
400
401
402
405
406
407
420
421
4211
4212
4318
4319
440
441
4412
4419
4432
4433
4435
452
461
463
470
471
472
500
501
5012
502
503
504
505
506
507
540
541
5413
542
5511
5513
5515
5516
5517
5519
5522A
5522B
5523
5524
5525
5528
5530
5531
5534
5535
5536
5537
5615
5616
5617
5618
5619
5620
5621
5623
5624
5625
5626
5627
5630
5633
571
5712
5713
5714
600
601
602
603
604
605
606
6211
640
641
6411
643
650
651
6511
6512
6513
6514
6515
6516
652
653
654
661
6611
6613
6614
6616
6617
662
6620
6623
6624
6625
6627
6628
6629
6630
6631
6632
6635
6637
6638
6640A
6640B
6642
6645
6647
6648
6649
6654
6657
670
6712
6714
6715
6716
672
673
674
700
701
7011
7013A
7013B
7016
7017
7018
7019
7021
7022
7024
7025
702A
702B
704
705
707
710
720
721
7211
7212
740
750A
750B
751
752
753
761
7611
7612
7613
771
7711
7713
7715
7719
7720
7722
7723
7726
7727
7728
773
7730
7734
7737
7738
7739
774
8111
8221
8331
8441
8541
8551
8552
8761
8771
8774
9401
9403
9404
9408
9701
9703
9707
9709
9711A
9714
